alpha	total	leaves	height
1.60544	236	147	8
1.71023	301	176	6
1.69417	349	206	8
1.71351	317	185	8
1.65698	285	172	7
1.69504	239	141	6
1.645	329	200	8
1.61066	393	244	8
1.72727	361	209	9
1.69697	280	165	6
1.68831	260	154	8
1.67763	255	152	11
1.73984	214	123	10
1.60938	206	128	5
1.67553	315	188	7
1.61765	275	170	9
1.62411	229	141	7
1.65868	277	167	7
1.64964	226	137	7
1.64539	232	141	9
1.6	352	220	6
1.66512	358	215	6
1.64641	298	181	7
1.70139	245	144	9
1.68075	358	213	9
1.636	409	250	8
1.67816	292	174	6
1.61735	317	196	7
1.65948	385	232	8
1.65803	320	193	8
1.71845	354	206	9
1.66822	357	214	8
1.7	374	220	8
1.66667	260	156	7
1.68095	353	210	8
1.65584	255	154	8
1.64881	277	168	6
1.58389	236	149	6
1.60544	236	147	6
1.63095	411	252	7
1.67935	309	184	8
1.71942	239	139	7
1.64783	379	230	7
1.68627	258	153	6
1.625	273	168	6
1.59459	236	148	6
1.73246	395	228	7
1.69058	377	223	7
1.68085	395	235	6
1.65294	281	170	6
1.66892	247	148	8
1.6824	392	233	9
1.6068	331	206	8
1.61751	351	217	7
1.71014	354	207	6
1.7362	283	163	7
1.68794	238	141	6
1.72185	260	151	8
1.63277	289	177	6
1.66929	212	127	6
1.71429	252	147	8
1.64593	344	209	8
1.75833	211	120	7
1.71795	335	195	7
1.648	206	125	6
1.69277	281	166	7
1.62882	373	229	7
1.66854	297	178	7
1.65919	370	223	7
1.67453	355	212	7
1.75309	284	162	7
1.55866	279	179	6
1.62903	303	186	6
1.6758	367	219	9
1.63571	229	140	6
1.59761	401	251	9
1.71123	320	187	8
1.74208	385	221	9
1.65027	302	183	8
1.64773	290	176	8
1.6309	380	233	6
1.70707	338	198	6
1.71282	334	195	7
1.65909	219	132	7
1.69655	246	145	8
1.74684	276	158	8
1.62195	266	164	6
1.68205	328	195	6
1.71212	226	132	6
1.65556	298	180	6
1.63014	238	146	7
1.62329	237	146	6
1.66456	263	158	6
1.66142	211	127	9
1.69935	260	153	7
1.67358	323	193	6
1.70769	222	130	6
1.61538	210	130	7
1.65877	350	211	7
1.6686	287	172	6
